[
  [1 ,"0.600","0.534","0.467","0.400","0.334","0.267","0.200","0.133","0.067","0.000"],
  [2 ,"0.580","0.515","0.451","0.386","0.322","0.258","0.193","0.129","0.000","0.000"],
  [3 ,"0.559","0.497","0.435","0.373","0.311","0.248","0.186","0.124","0.000","0.000"],
  [4 ,"0.538","0.478","0.419","0.359","0.299","0.239","0.179","0.120","0.000","0.000"],
  [5 ,"0.518","0.460","0.403","0.345","0.288","0.230","0.173","0.115","0.000","0.000"],
  [6 ,"0.497","0.442","0.386","0.331","0.276","0.221","0.166","0.110","0.000","0.000"],
  [7 ,"0.476","0.423","0.370","0.317","0.265","0.212","0.159","0.106","0.000","0.000"],
  [8 ,"0.455","0.405","0.354","0.304","0.253","0.202","0.152","0.101","0.000","0.000"],
  [9 ,"0.435","0.386","0.338","0.290","0.242","0.193","0.145","0.097","0.000","0.000"],
  [10 ,"0.414","0.368","0.322","0.276","0.230","0.184","0.138","0.092","0.000","0.000"],
  [11 ,"0.393","0.350","0.306","0.262","0.219","0.175","0.131","0.087","0.000","0.000"],
  [12 ,"0.373","0.331","0.290","0.248","0.207","0.166","0.124","0.083","0.000","0.000"],
  [13 ,"0.352","0.313","0.274","0.235","0.196","0.156","0.117","0.078","0.000","0.000"],
  [14 ,"0.331","0.294","0.258","0.221","0.184","0.147","0.110","0.074","0.000","0.000"],
  [15 ,"0.311","0.276","0.242","0.207","0.173","0.138","0.104","0.069","0.000","0.000"],
  [16 ,"0.290","0.258","0.225","0.193","0.161","0.129","0.097","0.064","0.000","0.000"],
  [17 ,"0.269","0.239","0.209","0.179","0.150","0.120","0.090","0.060","0.000","0.000"],
  [18 ,"0.248","0.221","0.193","0.166","0.138","0.110","0.083","0.055","0.000","0.000"],
  [19 ,"0.228","0.202","0.177","0.152","0.127","0.101","0.076","0.051","0.000","0.000"],
  [20 ,"0.207","0.184","0.161","0.138","0.115","0.092","0.069","0.046","0.000","0.000"],
  [21 ,"0.186","0.166","0.145","0.124","0.104","0.083","0.062","0.041","0.000","0.000"],
  [22 ,"0.166","0.147","0.129","0.110","0.092","0.074","0.055","0.037","0.000","0.000"],
  [23 ,"0.145","0.129","0.113","0.097","0.081","0.064","0.048","0.032","0.000","0.000"],
  [24 ,"0.124","0.110","0.097","0.083","0.069","0.055","0.041","0.028","0.000","0.000"],
  [25 ,"0.104","0.092","0.081","0.069","0.058","0.046","0.035","0.023","0.000","0.000"],
  [26 ,"0.083","0.074","0.064","0.055","0.046","0.037","0.028","0.018","0.000","0.000"],
  [27 ,"0.062","0.055","0.048","0.041","0.035","0.028","0.021","0.014","0.000","0.000"],
  [28 ,"0.041","0.037","0.032","0.028","0.023","0.018","0.014","0.009","0.000","0.000"],
  [29 ,"0.021","0.018","0.016","0.014","0.012","0.009","0.007","0.005","0.000","0.000"],
  [30 ,"0.000","0.000","0.000","0.000","0.000","0.000","0.000","0.000","0.000","0.000"]
]
